191
106
155
143
105
110
113
145
179
137
120
116
194
160
103
164
183
166
147
116
182
149
118
129
162
146
135
183
180
188
154
131
159
171
143
133
125
138
157
180
146
146
157
141
108
121
175
178
140
184
115
158
143
157
107
168
1000183
1000306
192
105
162
147
165
154
121
195
126
178
107
140
145
114
142
115
194
137
126
115
178
135
172
101
171
152
173
130
193
184
162
179
119
182
193
190
167
135
125
158
161
195
170
197
155
103
151
152
126
136
187
136
160
174
192
193
160
131
159
163
185
159
150
135
190
121
166
146
199
149
143
101
122
176
166
190
166
119
101
105
139
133
106
187
134
113
165
171
162
104
133
133
160
173
153
120
177
123
184
157
146
154
111
102
179
106
156
102
178
110
193
195
166
198
165
111
199
161
146
198
111
108
110
141
197
116
147
135
189
186
131
179
197
131
126
157
194
101
161
166
136
180
169
147
